distortion_model: "fisheye"
width: 1280
height: 720
D: [-0.0933267199903182, -0.008585278350324932, 0.032032532558876954, -0.015679834778427763]
K: [642.87988668312, 0.0, 639.3460744111195, 0.0, 641.1683634413288, 366.053185557207,0.0, 0.0, 1.0]
